0.000000000000000000e+00 1.000000000000000000e+00
5.005005005005004962e-03 9.900399206120197304e-01
1.001001001001000992e-02 9.801790408749588845e-01
1.501501501501501488e-02 9.704163752207363158e-01
2.002002002002001985e-02 9.607509471767761156e-01
2.502502502502502307e-02 9.511817893660076129e-01
3.003003003003002977e-02 9.417079435068652637e-01
3.503503503503503647e-02 9.323284604132886511e-01
4.004004004004003969e-02 9.230423999947227065e-01
4.504504504504504292e-02 9.138488312561174887e-01
5.005005005005004615e-02 9.047468322979282940e-01
5.505505505505505631e-02 8.957354903161155457e-01
6.006006006006005954e-02 8.868139016021450161e-01
6.506506506506506970e-02 8.779811715429873820e-01
7.007007007007007293e-02 8.692364146211188913e-01
7.507507507507507616e-02 8.605787544145208079e-01
8.008008008008007939e-02 8.520065264834125740e-01
8.508508508508508261e-02 8.435176127838496241e-01
9.009009009009008584e-02 8.351113125664880732e-01
9.509509509509508907e-02 8.267869512757823891e-01
1.001001001001000923e-01 8.185438569814542653e-01
1.051051051051051094e-01 8.103813603784931763e-01
1.101101101101101126e-01 8.022987947871556003e-01
1.151151151151151159e-01 7.942954961529657965e-01
1.201201201201201191e-01 7.863708030467153609e-01
1.251251251251251362e-01 7.785240566644631155e-01
1.301301301301301394e-01 7.707546008275358851e-01
1.351351351351351426e-01 7.630617819825271653e-01
1.401401401401401459e-01 7.554449492012985656e-01
1.451451451451451491e-01 7.479034541809788106e-01
1.501501501501501523e-01 7.404366512439641834e-01
1.551551551551551555e-01 7.330438973379183043e-01
1.601601601601601588e-01 7.257245520357722413e-01
1.651651651651651620e-01 7.184779775357245102e-01
1.701701701701701652e-01 7.113035386612412969e-01
1.751751751751751685e-01 7.042006028610559021e-01
1.801801801801801717e-01 6.971685402091691852e-01
1.851851851851851749e-01 6.902067234048495648e-01
1.901901901901901781e-01 6.833145277726327960e-01
1.951951951951951814e-01 6.764913312623219710e-01
2.002002002002001846e-01 6.697365144489879629e-01
2.052052052052052156e-01 6.630494605329686486e-01
2.102102102102102188e-01 6.564295553398695748e-01
2.152152152152152220e-01 6.498761873205639583e-01
2.202202202202202252e-01 6.433887475511919085e-01
2.252252252252252285e-01 6.369666297331615379e-01
2.302302302302302317e-01 6.306092301931479627e-01
2.352352352352352349e-01 6.243159478830939690e-01
2.402402402402402382e-01 6.180861843802097910e-01
2.452452452452452414e-01 6.119193438869729995e-01
2.502502502502502724e-01 6.058148332311288353e-01
2.552552552552552756e-01 5.997720618656894320e-01
2.602602602602602788e-01 5.937904418689352593e-01
2.652652652652652820e-01 5.878693879444133463e-01
2.702702702702702853e-01 5.820083174209387256e-01
2.752752752752752885e-01 5.762066502525933220e-01
2.802802802802802917e-01 5.704638090187272859e-01
2.852852852852852950e-01 5.647792189239575489e-01
2.902902902902902982e-01 5.591523077981688239e-01
2.952952952952953014e-01 5.535825060965131605e-01
3.003003003003003046e-01 5.480692468994099453e-01
3.053053053053053079e-01 5.426119659125461236e-01
3.103103103103103111e-01 5.372101014668761998e-01
3.153153153153153143e-01 5.318630945186217929e-01
3.203203203203203175e-01 5.265703886492723029e-01
3.253253253253253208e-01 5.213314300655844669e-01
3.303303303303303240e-01 5.161456675995823584e-01
3.353353353353353272e-01 5.110125527085573882e-01
3.403403403403403304e-01 5.059315394750689698e-01
3.453453453453453337e-01 5.009020846069431876e-01
3.503503503503503369e-01 4.959236474372742398e-01
3.553553553553553401e-01 4.909956899244233286e-01
3.603603603603603434e-01 4.861176766520193260e-01
3.653653653653653466e-01 4.812890748289583298e-01
3.703703703703703498e-01 4.765093542894040524e-01
3.753753753753753530e-01 4.717779874927878203e-01
3.803803803803803563e-01 4.670944495238079641e-01
3.853853853853853595e-01 4.624582180924305397e-01
3.903903903903903627e-01 4.578687735338889953e-01
3.953953953953953659e-01 4.533255988086843380e-01
4.004004004004003692e-01 4.488281795025847454e-01
4.054054054054054279e-01 4.443760038266260093e-01
4.104104104104104311e-01 4.399685626171114250e-01
4.154154154154154344e-01 4.356053493356116246e-01
4.204204204204204376e-01 4.312858600689647437e-01
4.254254254254254408e-01 4.270095935292761435e-01
4.304304304304304440e-01 4.227760510539190220e-01
4.354354354354354473e-01 4.185847366055336360e-01
4.404404404404404505e-01 4.144351567720279683e-01
4.454454454454454537e-01 4.103268207665772827e-01
4.504504504504504570e-01 4.062592404276242353e-01
4.554554554554554602e-01 4.022319302188792078e-01
4.604604604604604634e-01 3.982444072293196968e-01
4.654654654654654666e-01 3.942961911731908686e-01
4.704704704704704699e-01 3.903868043900050044e-01
4.754754754754754731e-01 3.865157718445424995e-01
4.804804804804804763e-01 3.826826211268503086e-01
4.854854854854854795e-01 3.788868824522436118e-01
4.904904904904904828e-01 3.751280886613044818e-01
4.954954954954954860e-01 3.714057752198827167e-01
5.005005005005005447e-01 3.677194802190955070e-01
5.055055055055055480e-01 3.640687443753274355e-01
5.105105105105105512e-01 3.604531110302305885e-01
5.155155155155155544e-01 3.568721261507243891e-01
5.205205205205205576e-01 3.533253383289958194e-01
5.255255255255255609e-01 3.498122987824993091e-01
5.305305305305305641e-01 3.463325613539566250e-01
5.355355355355355673e-01 3.428856825113568707e-01
5.405405405405405705e-01 3.394712345600948145e-01
5.455455455455455738e-01 3.360896285804976791e-01
5.505505505505505770e-01 3.327410494473220237e-01
5.555555555555555802e-01 3.294252202669750718e-01
5.605605605605605835e-01 3.261418653541511836e-01
5.655655655655655867e-01 3.228907102318316902e-01
5.705705705705705899e-01 3.196714816312850593e-01
5.755755755755755931e-01 3.164839074920666184e-01
5.805805805805805964e-01 3.133277169620187763e-01
5.855855855855855996e-01 3.102026403972710233e-01
5.905905905905906028e-01 3.071084093622397093e-01
5.955955955955956060e-01 3.040447566296284876e-01
6.006006006006006093e-01 3.010114161804277044e-01
6.056056056056056125e-01 2.980081232039149541e-01
6.106106106106106157e-01 2.950346140976548015e-01
6.156156156156156189e-01 2.920906264674988373e-01
6.206206206206206222e-01 2.891758991275855672e-01
6.256256256256256254e-01 2.862901721003406341e-01
6.306306306306306286e-01 2.834331866164767622e-01
6.356356356356356319e-01 2.806046851149934795e-01
6.406406406406406351e-01 2.778044112431775070e-01
6.456456456456456383e-01 2.750321098566025912e-01
6.506506506506506415e-01 2.722875270191294494e-01
6.556556556556556448e-01 2.695704100029057138e-01
6.606606606606606480e-01 2.668805072883663199e-01
6.656656656656656512e-01 2.642175685642329519e-01
6.706706706706706544e-01 2.615813447275144865e-01
6.756756756756756577e-01 2.589715878835066043e-01
6.806806806806806609e-01 2.563880513457923449e-01
6.856856856856856641e-01 2.538304896362414964e-01
6.906906906906906674e-01 2.512986584850109284e-01
6.956956956956956706e-01 2.487923148305446197e-01
7.007007007007006738e-01 2.463112168195734641e-01
7.057057057057056770e-01 2.438551238071154648e-01
7.107107107107106803e-01 2.414237963564755951e-01
7.157157157157156835e-01 2.390169962392457992e-01
7.207207207207206867e-01 2.366344864353052135e-01
7.257257257257256899e-01 2.342760311328198064e-01
7.307307307307306932e-01 2.319413957282426275e-01
7.357357357357356964e-01 2.296303468263138636e-01
7.407407407407406996e-01 2.273426522400605609e-01
7.457457457457457028e-01 2.250780809907968472e-01
7.507507507507507061e-01 2.228364033081239870e-01
7.557557557557557093e-01 2.206173906299299936e-01
7.607607607607607125e-01 2.184208156023901837e-01
7.657657657657657158e-01 2.162464520799667611e-01
7.707707707707707190e-01 2.140940751254089558e-01
7.757757757757757222e-01 2.119634610097530514e-01
7.807807807807807254e-01 2.098543872123223297e-01
7.857857857857857287e-01 2.077666324207270709e-01
7.907907907907907319e-01 2.056999765308646644e-01
7.957957957957957351e-01 2.036542006469193866e-01
8.008008008008007383e-01 2.016290870813627345e-01
8.058058058058058526e-01 1.996244193549528978e-01
8.108108108108108558e-01 1.976399821967355641e-01
8.158158158158158590e-01 1.956755615440429474e-01
8.208208208208208623e-01 1.937309445424946763e-01
8.258258258258258655e-01 1.918059195459971278e-01
8.308308308308308687e-01 1.899002761167438436e-01
8.358358358358358720e-01 1.880138050252153636e-01
8.408408408408408752e-01 1.861462982501791985e-01
8.458458458458458784e-01 1.842975489786899956e-01
8.508508508508508816e-01 1.824673516060892342e-01
8.558558558558558849e-01 1.806555017360056414e-01
8.608608608608608881e-01 1.788617961803548040e-01
8.658658658658658913e-01 1.770860329593393623e-01
8.708708708708708945e-01 1.753280113014490382e-01
8.758758758758758978e-01 1.735875316434604965e-01
8.808808808808809010e-01 1.718643956304374831e-01
8.858858858858859042e-01 1.701584061157307981e-01
8.908908908908909074e-01 1.684693671609780730e-01
8.958958958958959107e-01 1.667970840361042151e-01
9.009009009009009139e-01 1.651413632193209635e-01
9.059059059059059171e-01 1.635020123971272499e-01
9.109109109109109204e-01 1.618788404643088097e-01
9.159159159159159236e-01 1.602716575239385710e-01
9.209209209209209268e-01 1.586802748873764601e-01
9.259259259259259300e-01 1.571045050742693183e-01
9.309309309309309333e-01 1.555441618125511793e-01
9.359359359359359365e-01 1.539990600384430197e-01
9.409409409409409397e-01 1.524690158964527031e-01
9.459459459459459429e-01 1.509538467393753136e-01
9.509509509509509462e-01 1.494533711282929334e-01
9.559559559559559494e-01 1.479674088325744763e-01
9.609609609609609526e-01 1.464957808298761321e-01
9.659659659659659559e-01 1.450383093061409501e-01
9.709709709709709591e-01 1.435948176555990607e-01
9.759759759759759623e-01 1.421651304807675931e-01
9.809809809809809655e-01 1.407491392489266524e-01
9.859859859859859688e-01 1.393469414777084303e-01
9.909909909909909720e-01 1.379584437804527719e-01
9.959959959959959752e-01 1.365835312876526597e-01
1.001001001001001089e+00 1.352220896284879459e-01
1.006006006006006093e+00 1.338740049308254354e-01
1.011011011011011096e+00 1.325391638212186363e-01
1.016016016016016099e+00 1.312174534249080093e-01
1.021021021021021102e+00 1.299087613658208296e-01
1.026026026026026106e+00 1.286129757665712137e-01
1.031031031031031109e+00 1.273299852484601480e-01
1.036036036036036112e+00 1.260596789314754884e-01
1.041041041041041115e+00 1.248019464342918633e-01
1.046046046046046119e+00 1.235566778742708538e-01
1.051051051051051122e+00 1.223237638674608274e-01
1.056056056056056125e+00 1.211030955285970212e-01
1.061061061061061128e+00 1.198945644711015279e-01
1.066066066066066131e+00 1.186980628070832960e-01
1.071071071071071135e+00 1.175134831473381020e-01
1.076076076076076138e+00 1.163407186013485917e-01
1.081081081081081141e+00 1.151796627772842668e-01
1.086086086086086144e+00 1.140302097820014710e-01
1.091091091091091148e+00 1.128922542210433755e-01
1.096096096096096151e+00 1.117656911986400770e-01
1.101101101101101154e+00 1.106504163177084304e-01
1.106106106106106157e+00 1.095463256798522023e-01
1.111111111111111160e+00 1.084533158853619866e-01
1.116116116116116164e+00 1.073712840332152474e-01
1.121121121121121167e+00 1.063001277210762763e-01
1.126126126126126170e+00 1.052397450452962346e-01
1.131131131131131173e+00 1.041900346009131118e-01
1.136136136136136177e+00 1.031508954816518081e-01
1.141141141141141180e+00 1.021222272799240105e-01
1.146146146146146183e+00 1.011039300868282476e-01
1.151151151151151186e+00 1.000959044921499730e-01
1.156156156156156189e+00 9.909805158436142680e-02
1.161161161161161193e+00 9.811027295062173248e-02
1.166166166166166196e+00 9.713247067677685531e-02
1.171171171171171199e+00 9.616454734735960241e-02
1.176176176176176202e+00 9.520640604558963660e-02
1.181181181181181206e+00 9.425795035337350414e-02
1.186186186186186209e+00 9.331908435130453761e-02
1.191191191191191212e+00 9.238971261866302243e-02
1.196196196196196215e+00 9.146974023341594706e-02
1.201201201201201219e+00 9.055907277221728058e-02
1.206206206206206222e+00 8.965761631040780610e-02
1.211211211211211225e+00 8.876527742201512083e-02
1.216216216216216228e+00 8.788196317975373317e-02
1.221221221221221231e+00 8.700758115502493784e-02
1.226226226226226235e+00 8.614203941791695462e-02
1.231231231231231238e+00 8.528524653720480353e-02
1.236236236236236241e+00 8.443711158035034636e-02
1.241241241241241244e+00 8.359754411350231451e-02
1.246246246246246248e+00 8.276645420149632282e-02
1.251251251251251251e+00 8.194375240785478631e-02
1.256256256256256254e+00 8.112934979478700348e-02
1.261261261261261257e+00 8.032315792318910075e-02
1.266266266266266260e+00 7.952508885264408800e-02
1.271271271271271264e+00 7.873505514142178918e-02
1.276276276276276267e+00 7.795296984647889782e-02
1.281281281281281270e+00 7.717874652345897701e-02
1.286286286286286273e+00 7.641229922669239005e-02
1.291291291291291277e+00 7.565354250919642531e-02
1.296296296296296280e+00 7.490239142267514361e-02
1.301301301301301283e+00 7.415876151751950307e-02
1.306306306306306286e+00 7.342256884280731755e-02
1.311311311311311290e+00 7.269372994630322882e-02
1.316316316316316293e+00 7.197216187445873437e-02
1.321321321321321296e+00 7.125778217241218737e-02
1.326326326326326299e+00 7.055050888398881059e-02
1.331331331331331302e+00 6.985026055170065473e-02
1.336336336336336306e+00 6.915695621674661231e-02
1.341341341341341309e+00 6.847051541901245930e-02
1.346346346346346312e+00 6.779085819707079963e-02
1.351351351351351315e+00 6.711790508818109291e-02
1.356356356356356319e+00 6.645157712828965446e-02
1.361361361361361322e+00 6.579179585202964142e-02
1.366366366366366325e+00 6.513848329272109439e-02
1.371371371371371328e+00 6.449156198237085413e-02
1.376376376376376331e+00 6.385095495167263102e-02
1.381381381381381335e+00 6.321658573000703274e-02
1.386386386386386338e+00 6.258837834544145329e-02
1.391391391391391341e+00 6.196625732473015624e-02
1.396396396396396344e+00 6.135014769331427475e-02
1.401401401401401348e+00 6.073997497532179768e-02
1.406406406406406351e+00 6.013566519356751405e-02
1.411411411411411354e+00 5.953714486955315188e-02
1.416416416416416357e+00 5.894434102346719773e-02
1.421421421421421361e+00 5.835722291352826024e-02
1.426426426426426364e+00 5.777582994282856599e-02
1.431431431431431367e+00 5.720011825282399209e-02
1.436436436436436370e+00 5.663004019551314688e-02
1.441441441441441373e+00 5.606554832965404689e-02
1.446446446446446377e+00 5.550659542076413766e-02
1.451451451451451380e+00 5.495313444112028683e-02
1.456456456456456383e+00 5.440511856975877025e-02
1.461461461461461386e+00 5.386250119247530666e-02
1.466466466466466390e+00 5.332523590182502299e-02
1.471471471471471393e+00 5.279327649712246134e-02
1.476476476476476396e+00 5.226657698444160671e-02
1.481481481481481399e+00 5.174509157661584535e-02
1.486486486486486402e+00 5.122877469323798560e-02
1.491491491491491406e+00 5.071758096066028565e-02
1.496496496496496409e+00 5.021146521199437718e-02
1.501501501501501412e+00 4.971038248711136254e-02
1.506506506506506415e+00 4.921428803264173146e-02
1.511511511511511419e+00 4.872313730197541659e-02
1.516516516516516422e+00 4.823688595526175182e-02
1.521521521521521425e+00 4.775548985940950703e-02
1.526526526526526428e+00 4.727890508808687414e-02
1.531531531531531432e+00 4.680708792172146027e-02
1.536536536536536435e+00 4.633999484750029457e-02
1.541541541541541438e+00 4.587758255936982832e-02
1.546546546546546441e+00 4.541980795803594873e-02
1.551551551551551444e+00 4.496662815096393040e-02
1.556556556556556448e+00 4.451800045237851167e-02
1.561561561561561451e+00 4.407388238326381824e-02
1.566566566566566454e+00 4.363423167136341180e-02
1.571571571571571457e+00 4.319900625118028303e-02
1.576576576576576461e+00 4.276816426397682391e-02
1.581581581581581464e+00 4.234166405777486930e-02
1.586586586586586467e+00 4.191946418735566227e-02
1.591591591591591470e+00 4.150152341425987490e-02
1.596596596596596473e+00 4.108780070678758056e-02
1.601601601601601477e+00 4.067825523999830939e-02
1.606606606606606702e+00 4.027284639571097891e-02
1.611611611611611705e+00 3.987153376250396342e-02
1.616616616616616708e+00 3.947427713571503849e-02
1.621621621621621712e+00 3.908103651744138096e-02
1.626626626626626715e+00 3.869177211653963139e-02
1.631631631631631718e+00 3.830644434862581771e-02
1.636636636636636721e+00 3.792501383607541077e-02
1.641641641641641725e+00 3.754744140802328267e-02
1.646646646646646728e+00 3.717368810036375537e-02
1.651651651651651731e+00 3.680371515575053820e-02
1.656656656656656734e+00 3.643748402359679728e-02
1.661661661661661737e+00 3.607495636007509304e-02
1.666666666666666741e+00 3.571609402811741496e-02
1.671671671671671744e+00 3.536085909741518152e-02
1.676676676676676747e+00 3.500921384441922635e-02
1.681681681681681750e+00 3.466112075233981904e-02
1.686686686686686754e+00 3.431654251114661658e-02
1.691691691691691757e+00 3.397544201756872578e-02
1.696696696696696760e+00 3.363778237509468250e-02
1.701701701701701763e+00 3.330352689397240995e-02
1.706706706706706766e+00 3.297263909120928121e-02
1.711711711711711770e+00 3.264508269057207757e-02
1.716716716716716773e+00 3.232082162258701624e-02
1.721721721721721776e+00 3.199982002453972268e-02
1.726726726726726779e+00 3.168204224047524442e-02
1.731731731731731783e+00 3.136745282119805800e-02
1.736736736736736786e+00 3.105601652427204470e-02
1.741741741741741789e+00 3.074769831402053566e-02
1.746746746746746792e+00 3.044246336152626672e-02
1.751751751751751796e+00 3.014027704463139584e-02
1.756756756756756799e+00 2.984110494793748916e-02
1.761761761761761802e+00 2.954491286280556614e-02
1.766766766766766805e+00 2.925166678735604750e-02
1.771771771771771808e+00 2.896133292646876564e-02
1.776776776776776812e+00 2.867387769178300627e-02
1.781781781781781815e+00 2.838926770169744596e-02
1.786786786786786818e+00 2.810746978137019028e-02
1.791791791791791821e+00 2.782845096271877386e-02
1.796796796796796825e+00 2.755217848442015338e-02
1.801801801801801828e+00 2.727861979191071456e-02
1.806806806806806831e+00 2.700774253738622011e-02
1.811811811811811834e+00 2.673951457980192764e-02
1.816816816816816837e+00 2.647390398487244056e-02
1.821821821821821841e+00 2.621087902507183987e-02
1.826826826826826844e+00 2.595040817963360780e-02
1.831831831831831847e+00 2.569246013455064176e-02
1.836836836836836850e+00 2.543700378257527511e-02
1.841841841841841854e+00 2.518400822321922861e-02
1.846846846846846857e+00 2.493344276275371446e-02
1.851851851851851860e+00 2.468527691420928372e-02
1.856856856856856863e+00 2.443948039737598582e-02
1.861861861861861867e+00 2.419604448181686754e-02
1.866866866866866870e+00 2.395498322486006720e-02
1.871871871871871873e+00 2.371627752447852053e-02
1.876876876876876876e+00 2.347990763636725528e-02
1.881881881881881879e+00 2.324585390162560439e-02
1.886886886886886883e+00 2.301409674675718164e-02
1.891891891891891886e+00 2.278461668366990253e-02
1.896896896896896889e+00 2.255739430967596687e-02
1.901901901901901892e+00 2.233241030749186576e-02
1.906906906906906896e+00 2.210964544523838157e-02
1.911911911911911899e+00 2.188908057644059491e-02
1.916916916916916902e+00 2.167069664002787416e-02
1.921921921921921905e+00 2.145447466033387207e-02
1.926926926926926908e+00 2.124039574709654654e-02
1.931931931931931912e+00 2.102844109545813286e-02
1.936936936936936915e+00 2.081859198596517149e-02
1.941941941941941918e+00 2.061082978456848028e-02
1.946946946946946921e+00 2.040513594262318223e-02
1.951951951951951925e+00 2.020149199688868469e-02
1.956956956956956928e+00 1.999987956952868282e-02
1.961961961961961931e+00 1.980028036811117692e-02
1.966966966966966934e+00 1.960267618560843778e-02
1.971971971971971938e+00 1.940704890039705172e-02
1.976976976976976941e+00 1.921338047625787554e-02
1.981981981981981944e+00 1.902165296237607120e-02
1.986986986986986947e+00 1.883184849334108846e-02
1.991991991991991950e+00 1.864394928914666488e-02
1.996996996996996954e+00 1.845793765519083626e-02
2.002002002002002179e+00 1.827379598227591578e-02
2.007007007007007182e+00 1.809150674660853567e-02
2.012012012012012185e+00 1.791105250979959165e-02
2.017017017017017189e+00 1.773241591886428464e-02
2.022022022022022192e+00 1.755557970622210681e-02
2.027027027027027195e+00 1.738052668969683467e-02
2.032032032032032198e+00 1.720723977251654296e-02
2.037037037037037202e+00 1.703570194331359769e-02
2.042042042042042205e+00 1.686589627612464920e-02
2.047047047047047208e+00 1.669780593039065300e-02
2.052052052052052211e+00 1.653141415095684547e-02
2.057057057057057214e+00 1.636670426807275078e-02
2.062062062062062218e+00 1.620365969739219481e-02
2.067067067067067221e+00 1.604226393997330163e-02
2.072072072072072224e+00 1.588250058227845540e-02
2.077077077077077227e+00 1.572435329617437316e-02
2.082082082082082231e+00 1.556780583893203028e-02
2.087087087087087234e+00 1.541284205322671075e-02
2.092092092092092237e+00 1.525944586713798463e-02
2.097097097097097240e+00 1.510760129414971675e-02
2.102102102102102243e+00 1.495729243315006146e-02
2.107107107107107247e+00 1.480850346843145919e-02
2.112112112112112250e+00 1.466121866969065726e-02
2.117117117117117253e+00 1.451542239202867519e-02
2.122122122122122256e+00 1.437109907595083592e-02
2.127127127127127260e+00 1.422823324736675540e-02
2.132132132132132263e+00 1.408680951759033392e-02
2.137137137137137266e+00 1.394681258333976479e-02
2.142142142142142269e+00 1.380822722673753951e-02
2.147147147147147273e+00 1.367103831531043048e-02
2.152152152152152276e+00 1.353523080198951005e-02
2.157157157157157279e+00 1.340078972511014356e-02
2.162162162162162282e+00 1.326770020841197724e-02
2.167167167167167285e+00 1.313594746103895726e-02
2.172172172172172289e+00 1.300551677753931934e-02
2.177177177177177292e+00 1.287639353786559394e-02
2.182182182182182295e+00 1.274856320737459761e-02
2.187187187187187298e+00 1.262201133682743816e-02
2.192192192192192302e+00 1.249672356238952162e-02
2.197197197197197305e+00 1.237268560563053836e-02
2.202202202202202308e+00 1.224988327352447351e-02
2.207207207207207311e+00 1.212830245844960866e-02
2.212212212212212314e+00 1.200792913818850456e-02
2.217217217217217318e+00 1.188874937592802709e-02
2.222222222222222321e+00 1.177074932025932302e-02
2.227227227227227324e+00 1.165391520517783559e-02
2.232232232232232327e+00 1.153823335008330279e-02
2.237237237237237331e+00 1.142369015977974522e-02
2.242242242242242334e+00 1.131027212447548169e-02
2.247247247247247337e+00 1.119796581978312403e-02
2.252252252252252340e+00 1.108675790671957012e-02
2.257257257257257343e+00 1.097663513170600916e-02
2.262262262262262347e+00 1.086758432656792853e-02
2.267267267267267350e+00 1.075959240853510517e-02
2.272272272272272353e+00 1.065264638024159688e-02
2.277277277277277356e+00 1.054673332972576837e-02
2.282282282282282360e+00 1.044184043043027213e-02
2.287287287287287363e+00 1.033795494120203981e-02
2.292292292292292366e+00 1.023506420629231167e-02
2.297297297297297369e+00 1.013315565535660885e-02
2.302302302302302373e+00 1.003222388582545449e-02
2.307307307307307376e+00 9.932275796315807523e-03
2.312312312312312379e+00 9.833303914557726261e-03
2.317317317317317382e+00 9.735300078558295836e-03
2.322322322322322385e+00 9.638256161319525006e-03
2.327327327327327389e+00 9.542164070838353093e-03
2.332332332332332392e+00 9.447015750106641310e-03
2.337337337337337395e+00 9.352803177111181435e-03
2.342342342342342398e+00 9.259518364833687135e-03
2.347347347347347402e+00 9.167153361250800908e-03
2.352352352352352405e+00 9.075700249334090614e-03
2.357357357357357408e+00 8.985151147050052939e-03
2.362362362362362411e+00 8.895498207360106463e-03
2.367367367367367414e+00 8.806733618220600329e-03
2.372372372372372418e+00 8.718849602582807307e-03
2.377377377377377421e+00 8.631838418392928994e-03
2.382382382382382424e+00 8.545692358592088880e-03
2.387387387387387427e+00 8.460403751116341020e-03
2.392392392392392431e+00 8.375964958896663093e-03
2.397397397397397434e+00 8.292368379858959873e-03
2.402402402402402437e+00 8.209606446924064965e-03
2.407407407407407440e+00 8.127671628007733864e-03
2.412412412412412444e+00 8.046556426020650896e-03
2.417417417417417447e+00 7.966253378868425744e-03
2.422422422422422450e+00 7.886755059451598660e-03
2.427427427427427453e+00 7.808054075665626578e-03
2.432432432432432456e+00 7.730143070400902205e-03
2.437437437437437460e+00 7.653014721542740137e-03
2.442442442442442463e+00 7.576661741971383798e-03
2.447447447447447466e+00 7.501076879561996771e-03
2.452452452452452469e+00 7.426252917184676672e-03
2.457457457457457473e+00 7.352182672704444741e-03
2.462462462462462476e+00 7.278858998981244978e-03
2.467467467467467479e+00 7.206274783869951947e-03
2.472472472472472482e+00 7.134422950220365572e-03
2.477477477477477485e+00 7.063296455877211139e-03
2.482482482482482489e+00 6.992888293680140158e-03
2.487487487487487492e+00 6.923191491463731237e-03
2.492492492492492495e+00 6.854199112057490079e-03
2.497497497497497498e+00 6.785904253285846011e-03
2.502502502502502502e+00 6.718300047968156323e-03
2.507507507507507505e+00 6.651379663918705401e-03
2.512512512512512508e+00 6.585136303946702990e-03
2.517517517517517511e+00 6.519563205856282462e-03
2.522522522522522515e+00 6.454653642446510353e-03
2.527527527527527518e+00 6.390400921511373358e-03
2.532532532532532521e+00 6.326798385839787001e-03
2.537537537537537524e+00 6.263839413215590429e-03
2.542542542542542527e+00 6.201517416417552490e-03
2.547547547547547531e+00 6.139825843219366523e-03
2.552552552552552534e+00 6.078758176389655564e-03
2.557557557557557537e+00 6.018307933691961938e-03
2.562562562562562540e+00 5.958468667884761136e-03
2.567567567567567544e+00 5.899233966721449673e-03
2.572572572572572547e+00 5.840597452950356365e-03
2.577577577577577550e+00 5.782552784314728446e-03
2.582582582582582553e+00 5.725093653552748053e-03
2.587587587587587556e+00 5.668213788397514878e-03
2.592592592592592560e+00 5.611906951577062645e-03
2.597597597597597563e+00 5.556166940814346970e-03
2.602602602602602566e+00 5.500987588827251432e-03
2.607607607607607569e+00 5.446362763328585835e-03
2.612612612612612573e+00 5.392286367026084479e-03
2.617617617617617576e+00 5.338752337622409624e-03
2.622622622622622579e+00 5.285754647815149761e-03
2.627627627627627582e+00 5.233287305296818737e-03
2.632632632632632586e+00 5.181344352754857496e-03
2.637637637637637589e+00 5.129919867871634079e-03
2.642642642642642592e+00 5.079007963324441016e-03
2.647647647647647595e+00 5.028602786785499670e-03
2.652652652652652598e+00 4.978698520921952426e-03
2.657657657657657602e+00 4.929289383395873969e-03
2.662662662662662605e+00 4.880369626864262608e-03
2.667667667667667608e+00 4.831933538979043749e-03
2.672672672672672611e+00 4.783975442387066422e-03
2.677677677677677615e+00 4.736489694730110223e-03
2.682682682682682618e+00 4.689470688644878371e-03
2.687687687687687621e+00 4.642912851763001184e-03
2.692692692692692624e+00 4.596810646711032601e-03
2.697697697697697627e+00 4.551158571110457997e-03
2.702702702702702631e+00 4.505951157577684635e-03
2.707707707707707634e+00 4.461182973724049476e-03
2.712712712712712637e+00 4.416848622155811373e-03
2.717717717717717640e+00 4.372942740474158006e-03
2.722722722722722644e+00 4.329460001275207623e-03
2.727727727727727647e+00 4.286395112149996890e-03
2.732732732732732650e+00 4.243742815684493908e-03
2.737737737737737653e+00 4.201497889459591267e-03
2.742742742742742657e+00 4.159655498181136050e-03
2.747747747747747660e+00 4.118217997831790690e-03
2.752752752752752663e+00 4.077184611490197209e-03
2.757757757757757666e+00 4.036551984510785597e-03
2.762762762762762669e+00 3.996316776314005892e-03
2.767767767767767673e+00 3.956475660386332520e-03
2.772772772772772676e+00 3.917025324280256487e-03
2.777777777777777679e+00 3.877962469614294055e-03
2.782782782782782682e+00 3.839283812072979366e-03
2.787787787787787686e+00 3.800986081406868347e-03
2.792792792792792689e+00 3.763066021432538710e-03
2.797797797797797692e+00 3.725520390032587784e-03
2.802802802802802695e+00 3.688345959155634683e-03
2.807807807807807698e+00 3.651539514816319436e-03
2.812812812812812702e+00 3.615097857095302559e-03
2.817817817817817705e+00 3.579017800139266351e-03
2.822822822822822708e+00 3.543296172160913596e-03
2.827827827827827711e+00 3.507929815438966693e-03
2.832832832832832715e+00 3.472915586318171995e-03
2.837837837837837718e+00 3.438250355209293736e-03
2.842842842842842721e+00 3.403931006589118805e-03
2.847847847847847724e+00 3.369954439000454570e-03
2.852852852852852727e+00 3.336317565052129754e-03
2.857857857857857731e+00 3.303017311418993563e-03
2.862862862862862734e+00 3.270050618841916119e-03
2.867867867867867737e+00 3.237414442127788897e-03
2.872872872872872740e+00 3.205105750149524289e-03
2.877877877877877744e+00 3.173121525846054301e-03
2.882882882882882747e+00 3.141458766222334463e-03
2.887887887887887750e+00 3.110114482349339050e-03
2.892892892892892753e+00 3.079085699364063691e-03
2.897897897897897757e+00 3.048369456469525798e-03
2.902902902902902760e+00 3.017962806934763702e-03
2.907907907907907763e+00 2.987862818094834914e-03
2.912912912912912766e+00 2.958066571350820469e-03
2.917917917917917769e+00 2.928571162169820146e-03
2.922922922922922773e+00 2.899373700084956380e-03
2.927927927927927776e+00 2.870471308695370788e-03
2.932932932932932779e+00 2.841861125666227637e-03
2.937937937937937782e+00 2.813540302728711681e-03
2.942942942942942786e+00 2.785506005680027722e-03
2.947947947947947789e+00 2.757755414383402347e-03
2.952952952952952792e+00 2.730285722768082627e-03
2.957957957957957795e+00 2.703094138829337419e-03
2.962962962962962798e+00 2.676177884628455194e-03
2.967967967967967802e+00 2.649534196292746210e-03
2.972972972972972805e+00 2.623160324015542944e-03
2.977977977977977808e+00 2.597053532056196185e-03
2.982982982982982811e+00 2.571211098740078076e-03
2.987987987987987815e+00 2.545630316458584279e-03
2.992992992992992818e+00 2.520308491669129205e-03
2.997997997997997821e+00 2.495242944895149050e-03
3.003003003003002824e+00 2.470431010726099191e-03
3.008008008008007828e+00 2.445870037817458528e-03
3.013013013013012831e+00 2.421557388890725575e-03
3.018018018018017834e+00 2.397490440733420630e-03
3.023023023023022837e+00 2.373666584199083177e-03
3.028028028028027840e+00 2.350083224207274481e-03
3.033033033033032844e+00 2.326737779743577594e-03
3.038038038038037847e+00 2.303627683859596487e-03
3.043043043043042850e+00 2.280750383672954743e-03
3.048048048048047853e+00 2.258103340367297734e-03
3.053053053053052857e+00 2.235684029192292616e-03
3.058058058058057860e+00 2.213489939463624857e-03
3.063063063063062863e+00 2.191518574563004751e-03
3.068068068068067866e+00 2.169767451938159168e-03
3.073073073073072869e+00 2.148234103102840235e-03
3.078078078078077873e+00 2.126916073636817527e-03
3.083083083083082876e+00 2.105810923185883702e-03
3.088088088088087879e+00 2.084916225461851038e-03
3.093093093093092882e+00 2.064229568242554030e-03
3.098098098098097886e+00 2.043748553371846789e-03
3.103103103103102889e+00 2.023470796759605211e-03
3.108108108108107892e+00 2.003393928381726977e-03
3.113113113113112895e+00 1.983515592280128085e-03
3.118118118118117899e+00 1.963833446562748049e-03
3.123123123123122902e+00 1.944345163403546437e-03
3.128128128128127905e+00 1.925048429042503298e-03
3.133133133133132908e+00 1.905940943785619599e-03
3.138138138138137911e+00 1.887020422004919394e-03
3.143143143143142915e+00 1.868284592138443750e-03
3.148148148148147918e+00 1.849731196690259424e-03
3.153153153153152921e+00 1.831357992230448449e-03
3.158158158158157924e+00 1.813162749395120284e-03
3.163163163163162928e+00 1.795143252886399667e-03
3.168168168168167931e+00 1.777297301472435722e-03
3.173173173173172934e+00 1.759622707987396756e-03
3.178178178178177937e+00 1.742117299331473728e-03
3.183183183183182940e+00 1.724778916470875913e-03
3.188188188188187944e+00 1.707605414437836540e-03
3.193193193193192947e+00 1.690596199043748436e-03
3.198198198198197950e+00 1.673752378571167609e-03
3.203203203203202953e+00 1.657072654297102494e-03
3.208208208208208401e+00 1.640555677183968978e-03
3.213213213213213404e+00 1.624200103595476504e-03
3.218218218218218407e+00 1.608004595296619842e-03
3.223223223223223410e+00 1.591967819453684284e-03
3.228228228228228414e+00 1.576088448634245217e-03
3.233233233233233417e+00 1.560365160807166817e-03
3.238238238238238420e+00 1.544796639342603355e-03
3.243243243243243423e+00 1.529381573011997890e-03
3.248248248248248427e+00 1.514118655988083793e-03
3.253253253253253430e+00 1.499006587844883007e-03
3.258258258258258433e+00 1.484044073557707569e-03
3.263263263263263436e+00 1.469229823503158524e-03
3.268268268268268439e+00 1.454562553459127008e-03
3.273273273273273443e+00 1.440040984604793167e-03
3.278278278278278446e+00 1.425663843520626152e-03
3.283283283283283449e+00 1.411429862188385859e-03
3.288288288288288452e+00 1.397337777991120109e-03
3.293293293293293456e+00 1.383386333713167680e-03
3.298298298298298459e+00 1.369574277540155493e-03
3.303303303303303462e+00 1.355900363059001209e-03
3.308308308308308465e+00 1.342363349257910633e-03
3.313313313313313468e+00 1.328962000526380093e-03
3.318318318318318472e+00 1.315695086655194928e-03
3.323323323323323475e+00 1.302561382836429915e-03
3.328328328328328478e+00 1.289559669663449277e-03
3.333333333333333481e+00 1.276688733130906892e-03
3.338338338338338485e+00 1.263947364634746082e-03
3.343343343343343488e+00 1.251334360972199394e-03
3.348348348348348491e+00 1.238848524341789031e-03
3.353353353353353494e+00 1.226488662343326640e-03
3.358358358358358497e+00 1.214253587977913527e-03
3.363363363363363501e+00 1.202142119647939787e-03
3.368368368368368504e+00 1.190153081157086044e-03
3.373373373373373507e+00 1.178285301710321276e-03
3.378378378378378510e+00 1.166537615913904556e-03
3.383383383383383514e+00 1.154908863775384615e-03
3.388388388388388517e+00 1.143397890703598974e-03
3.393393393393393520e+00 1.132003547508675032e-03
3.398398398398398523e+00 1.120724690402029409e-03
3.403403403403403527e+00 1.109560180996369038e-03
3.408408408408408530e+00 1.098508886305689207e-03
3.413413413413413533e+00 1.087569678745275081e-03
3.418418418418418536e+00 1.076741436131701266e-03
3.423423423423423539e+00 1.066023041682832243e-03
3.428428428428428543e+00 1.055413384017821069e-03
3.433433433433433546e+00 1.044911357157111541e-03
3.438438438438438549e+00 1.034515860522435167e-03
3.443443443443443552e+00 1.024225798936814844e-03
3.448448448448448556e+00 1.014040082624561830e-03
3.453453453453453559e+00 1.003957627211276606e-03
3.458458458458458562e+00 9.939773537238499618e-04
3.463463463463463565e+00 9.840981885904614805e-04
3.468468468468468568e+00 9.743190636405805105e-04
3.473473473473473572e+00 9.646389161049659508e-04
3.478478478478478575e+00 9.550566886156661422e-04
3.483483483483483578e+00 9.455713292060185420e-04
3.488488488488488581e+00 9.361817913106502661e-04
3.493493493493493585e+00 9.268870337654780888e-04
3.498498498498498588e+00 9.176860208077080097e-04
3.503503503503503591e+00 9.085777220758356866e-04
3.508508508508508594e+00 8.995611126096460025e-04
3.513513513513513598e+00 8.906351728502136071e-04
3.518518518518518601e+00 8.817988886399021585e-04
3.523523523523523604e+00 8.730512512223652984e-04
3.528528528528528607e+00 8.643912572425457852e-04
3.533533533533533610e+00 8.558179087466760357e-04
3.538538538538538614e+00 8.473302131822778001e-04
3.543543543543543617e+00 8.389271833981623789e-04
3.548548548548548620e+00 8.306078376444302972e-04
3.553553553553553623e+00 8.223711995724719559e-04
3.558558558558558627e+00 8.142162982349669806e-04
3.563563563563563630e+00 8.061421680858845470e-04
3.568568568568568633e+00 7.981478489804830559e-04
3.573573573573573636e+00 7.902323861753104582e-04
3.578578578578578639e+00 7.823948303282046886e-04
3.583583583583583643e+00 7.746342374982923646e-04
3.588588588588588646e+00 7.669496691459900877e-04
3.593593593593593649e+00 7.593401921330035758e-04
3.598598598598598652e+00 7.518048787223284221e-04
3.603603603603603656e+00 7.443428065782493365e-04
3.608608608608608659e+00 7.369530587663404705e-04
3.613613613613613662e+00 7.296347237534657427e-04
3.618618618618618665e+00 7.223868954077785134e-04
3.623623623623623669e+00 7.152086729987211511e-04
3.628628628628628672e+00 7.080991611970260079e-04
3.633633633633633675e+00 7.010574700747145525e-04
3.638638638638638678e+00 6.940827151050979124e-04
3.643643643643643681e+00 6.871740171627766566e-04
3.648648648648648685e+00 6.803305772056930049e-04
3.653653653653653688e+00 6.735529036399003251e-04
3.658658658658658691e+00 6.668409058761666465e-04
3.663663663663663694e+00 6.601940600386070222e-04
3.668668668668668698e+00 6.536118441116403003e-04
3.673673673673673701e+00 6.470937379399889066e-04
3.678678678678678704e+00 6.406392232286788448e-04
3.683683683683683707e+00 6.342477835430401301e-04
3.688688688688688710e+00 6.279189043087063556e-04
3.693693693693693714e+00 6.216520728116145837e-04
3.698698698698698717e+00 6.154467781980059969e-04
3.703703703703703720e+00 6.093025114744250303e-04
3.708708708708708723e+00 6.032187655077201303e-04
3.713713713713713727e+00 5.971950350250433215e-04
3.718718718718718730e+00 5.912308166138503145e-04
3.723723723723723733e+00 5.853256087219006146e-04
3.728728728728728736e+00 5.794789116572574136e-04
3.733733733733733740e+00 5.736902275882874809e-04
3.738738738738738743e+00 5.679590605436613806e-04
3.743743743743743746e+00 5.622849164123532549e-04
3.748748748748748749e+00 5.566673029436412573e-04
3.753753753753753752e+00 5.511057297471067939e-04
3.758758758758758756e+00 5.455997082926353908e-04
3.763763763763763759e+00 5.401487519104159352e-04
3.768768768768768762e+00 5.347523757909412173e-04
3.773773773773773765e+00 5.294100969850077136e-04
3.778778778778778769e+00 5.241214344037154783e-04
3.783783783783783772e+00 5.188859088184684691e-04
3.788788788788788775e+00 5.137030428609741127e-04
3.793793793793793778e+00 5.085723610232436307e-04
3.798798798798798781e+00 5.034933896575920394e-04
3.803803803803803785e+00 4.984656569766379329e-04
3.808808808808808788e+00 4.934886930533035915e-04
3.813813813813813791e+00 4.885620298208149821e-04
3.818818818818818794e+00 4.836852010727020284e-04
3.823823823823823798e+00 4.788577424627979613e-04
3.828828828828828801e+00 4.740791915052400230e-04
3.833833833833833804e+00 4.693490875744690339e-04
3.838838838838838807e+00 4.646669719052293375e-04
3.843843843843843811e+00 4.600323875925693435e-04
3.848848848848848814e+00 4.554448795918410392e-04
3.853853853853853817e+00 4.509039947186997731e-04
3.858858858858858820e+00 4.464092816491051219e-04
3.863863863863863823e+00 4.419602909193199149e-04
3.868868868868868827e+00 4.375565749259109388e-04
3.873873873873873830e+00 4.331976879257486124e-04
3.878878878878878833e+00 4.288831860360069865e-04
3.883883883883883836e+00 4.246126272341640691e-04
3.888888888888888840e+00 4.203855713580011209e-04
3.893893893893893843e+00 4.162015801056034143e-04
3.898898898898898846e+00 4.120602170353599618e-04
3.903903903903903849e+00 4.079610475659632457e-04
3.908908908908908852e+00 4.039036389764097054e-04
3.913913913913913856e+00 3.998875604059993040e-04
3.918918918918918859e+00 3.959123828543355825e-04
3.923923923923923862e+00 3.919776791813261475e-04
3.928928928928928865e+00 3.880830241071820210e-04
3.933933933933933869e+00 3.842279942124180196e-04
3.938938938938938872e+00 3.804121679378525919e-04
3.943943943943943875e+00 3.766351255846079812e-04
3.948948948948948878e+00 3.728964493141101173e-04
3.953953953953953881e+00 3.691957231480883991e-04
3.958958958958958885e+00 3.655325329685765083e-04
3.963963963963963888e+00 3.619064665179111081e-04
3.968968968968968891e+00 3.583171133987329273e-04
3.973973973973973894e+00 3.547640650739864354e-04
3.978978978978978898e+00 3.512469148669197880e-04
3.983983983983983901e+00 3.477652579610847187e-04
3.988988988988988904e+00 3.443186914003365387e-04
3.993993993993993907e+00 3.409068140888347337e-04
3.998998998998998911e+00 3.375292267910419875e-04
4.004004004004004358e+00 3.341855321317246702e-04
4.009009009009009361e+00 3.308753345959535973e-04
4.014014014014014364e+00 3.275982405291025116e-04
4.019019019019019368e+00 3.243538581368490045e-04
4.024024024024024371e+00 3.211417974851746250e-04
4.029029029029029374e+00 3.179616705003643373e-04
4.034034034034034377e+00 3.148130909690069002e-04
4.039039039039039380e+00 3.116956745379948672e-04
4.044044044044044384e+00 3.086090387145243156e-04
4.049049049049049387e+00 3.055528028660952798e-04
4.054054054054054390e+00 3.025265882205111553e-04
4.059059059059059393e+00 2.995300178658793491e-04
4.064064064064064397e+00 2.965627167506107377e-04
4.069069069069069400e+00 2.936243116834201007e-04
4.074074074074074403e+00 2.907144313333256871e-04
4.079079079079079406e+00 2.878327062296495947e-04
4.084084084084084409e+00 2.849787687620177704e-04
4.089089089089089413e+00 2.821522531803593594e-04
4.094094094094094416e+00 2.793527955949077352e-04
4.099099099099099419e+00 2.765800339761997949e-04
4.104104104104104422e+00 2.738336081550759595e-04
4.109109109109109426e+00 2.711131598226806071e-04
4.114114114114114429e+00 2.684183325304616936e-04
4.119119119119119432e+00 2.657487716901706988e-04
4.124124124124124435e+00 2.631041245738632221e-04
4.129129129129129439e+00 2.604840664645229672e-04
4.134134134134134442e+00 2.578888614287252893e-04
4.139139139139139445e+00 2.553185403174730388e-04
4.144144144144144448e+00 2.527729167031419555e-04
4.149149149149149451e+00 2.502518046410067104e-04
4.154154154154154455e+00 2.477550186692405805e-04
4.159159159159159458e+00 2.452823738089156659e-04
4.164164164164164461e+00 2.428336855640028083e-04
4.169169169169169464e+00 2.404087699213716721e-04
4.174174174174174468e+00 2.380074433507906365e-04
4.179179179179179471e+00 2.356295228049268492e-04
4.184184184184184474e+00 2.332748257193462268e-04
4.189189189189189477e+00 2.309431700125134815e-04
4.194194194194194480e+00 2.286343740857920131e-04
4.199199199199199484e+00 2.263482568234440441e-04
4.204204204204204487e+00 2.240846375926305932e-04
4.209209209209209490e+00 2.218433362434113119e-04
4.214214214214214493e+00 2.196241731087447832e-04
4.219219219219219497e+00 2.174269690044882233e-04
4.224224224224224500e+00 2.152515452293976713e-04
4.229229229229229503e+00 2.130977235651279351e-04
4.234234234234234506e+00 2.109653262762325641e-04
4.239239239239239510e+00 2.088541761101638493e-04
4.244244244244244513e+00 2.067640962972729318e-04
4.249249249249249516e+00 2.046949105508096131e-04
4.254254254254254519e+00 2.026464430669224902e-04
4.259259259259259522e+00 2.006185185246589834e-04
4.264264264264264526e+00 1.986109620859652001e-04
4.269269269269269529e+00 1.966235993956860707e-04
4.274274274274274532e+00 1.946562565815652404e-04
4.279279279279279535e+00 1.927087602542451497e-04
4.284284284284284539e+00 1.907809375072669811e-04
4.289289289289289542e+00 1.888726159170706857e-04
4.294294294294294545e+00 1.869836235429950103e-04
4.299299299299299548e+00 1.851137889272774437e-04
4.304304304304304551e+00 1.832629410950541886e-04
4.309309309309309555e+00 1.814309095543603255e-04
4.314314314314314558e+00 1.796175242961295404e-04
4.319319319319319561e+00 1.778226157941944509e-04
4.324324324324324564e+00 1.760460150052863351e-04
4.329329329329329568e+00 1.742875533690352936e-04
4.334334334334334571e+00 1.725470628079700877e-04
4.339339339339339574e+00 1.708243757275183555e-04
4.344344344344344577e+00 1.691193250160064770e-04
4.349349349349349581e+00 1.674317440446595464e-04
4.354354354354354584e+00 1.657614666676014269e-04
4.359359359359359587e+00 1.641083272218548045e-04
4.364364364364364590e+00 1.624721605273411339e-04
4.369369369369369593e+00 1.608528018868805030e-04
4.374374374374374597e+00 1.592500870861919039e-04
4.379379379379379600e+00 1.576638523938930433e-04
4.384384384384384603e+00 1.560939345615003696e-04
4.389389389389389606e+00 1.545401708234291538e-04
4.394394394394394610e+00 1.530023988969933546e-04
4.399399399399399613e+00 1.514804569824057534e-04
4.404404404404404616e+00 1.499741837627778464e-04
4.409409409409409619e+00 1.484834184041199795e-04
4.414414414414414622e+00 1.470080005553411591e-04
4.419419419419419626e+00 1.455477703482492145e-04
4.424424424424424629e+00 1.441025683975507166e-04
4.429429429429429632e+00 1.426722358008510050e-04
4.434434434434434635e+00 1.412566141386541879e-04
4.439439439439439639e+00 1.398555454743631967e-04
4.444444444444444642e+00 1.384688723542795957e-04
4.449449449449449645e+00 1.370964378076037994e-04
4.454454454454454648e+00 1.357380853464349910e-04
4.459459459459459651e+00 1.343936589657710682e-04
4.464464464464464655e+00 1.330630031435087516e-04
4.469469469469469658e+00 1.317459628404434491e-04
4.474474474474474661e+00 1.304423835002694460e-04
4.479479479479479664e+00 1.291521110495796605e-04
4.484484484484484668e+00 1.278749918978658881e-04
4.489489489489489671e+00 1.266108729375186117e-04
4.494494494494494674e+00 1.253596015438270829e-04
4.499499499499499677e+00 1.241210255749793491e-04
4.504504504504504681e+00 1.228949933720622806e-04
4.509509509509509684e+00 1.216813537590613538e-04
4.514514514514514687e+00 1.204799560428608952e-04
4.519519519519519690e+00 1.192906500132440812e-04
4.524524524524524693e+00 1.181132859428927215e-04
4.529529529529529697e+00 1.169477145873873674e-04
4.534534534534534700e+00 1.157937871852075557e-04
4.539539539539539703e+00 1.146513554577312396e-04
4.544544544544544706e+00 1.135202716092355475e-04
4.549549549549549710e+00 1.124003883268959159e-04
4.554554554554554713e+00 1.112915587807869835e-04
4.559559559559559716e+00 1.101936366238818869e-04
4.564564564564564719e+00 1.091064759920525311e-04
4.569569569569569722e+00 1.080299315040697257e-04
4.574574574574574726e+00 1.069638582616029674e-04
4.579579579579579729e+00 1.059081118492204404e-04
4.584584584584584732e+00 1.048625483343891790e-04
4.589589589589589735e+00 1.038270242674750674e-04
4.594594594594594739e+00 1.028013966817425148e-04
4.599599599599599742e+00 1.017855230933549428e-04
4.604604604604604745e+00 1.007792615013744064e-04
4.609609609609609748e+00 9.978247038776170193e-05
4.614614614614614752e+00 9.879500871737644896e-05
4.619619619619619755e+00 9.781673593797703559e-05
4.624624624624624758e+00 9.684751198022056450e-05
4.629629629629629761e+00 9.588719725766296125e-05
4.634634634634634764e+00 9.493565266675886593e-05
4.639639639639639768e+00 9.399273958686168735e-05
4.644644644644644771e+00 9.305831988022368433e-05
4.649649649649649774e+00 9.213225589199572178e-05
4.654654654654654777e+00 9.121463889193275065e-05
4.659659659659659781e+00 9.030603676823774546e-05
4.664664664664664784e+00 8.940641171028584943e-05
4.669669669669669787e+00 8.851568230100854094e-05
4.674674674674674790e+00 8.763376759559441949e-05
4.679679679679679793e+00 8.676058712148913788e-05
4.684684684684684797e+00 8.589606087839540230e-05
4.689689689689689800e+00 8.504010933827302646e-05
4.694694694694694803e+00 8.419265344533887743e-05
4.699699699699699806e+00 8.335361461606691626e-05
4.704704704704704810e+00 8.252291473918814380e-05
4.709709709709709813e+00 8.170047617569065491e-05
4.714714714714714816e+00 8.088622175881962487e-05
4.719719719719719819e+00 8.008007479407729589e-05
4.724724724724724823e+00 7.928195905922296349e-05
4.729729729729729826e+00 7.849179880427300366e-05
4.734734734734734829e+00 7.770951875150089992e-05
4.739739739739739832e+00 7.693504409543717559e-05
4.744744744744744835e+00 7.616830050286943444e-05
4.749749749749749839e+00 7.540921411284233359e-05
4.754754754754754842e+00 7.465771153665766479e-05
4.759759759759759845e+00 7.391371985787420539e-05
4.764764764764764848e+00 7.317716663230789450e-05
4.769769769769769852e+00 7.244797988803165680e-05
4.774774774774774855e+00 7.172608812537557875e-05
4.779779779779779858e+00 7.101142031692674592e-05
4.784784784784784861e+00 7.030390590752936500e-05
4.789789789789789864e+00 6.960347481428468246e-05
4.794794794794794868e+00 6.891005742655105233e-05
4.799799799799799871e+00 6.822358460594388197e-05
4.804804804804804874e+00 6.754398768633561854e-05
4.809809809809809877e+00 6.687119847385587096e-05
4.814814814814814881e+00 6.620514924689122017e-05
4.819819819819819884e+00 6.554577275608539533e-05
4.824824824824824887e+00 6.489300222433915183e-05
4.829829829829829890e+00 6.424677134681036617e-05
4.834834834834834894e+00 6.360701429091392752e-05
4.839839839839839897e+00 6.297366569632184617e-05
4.844844844844844900e+00 6.234666067496317219e-05
4.849849849849849903e+00 6.172593481102406322e-05
4.854854854854854906e+00 6.111142416094774376e-05
4.859859859859859910e+00 6.050306525343446457e-05
4.864864864864864913e+00 5.990079508944160430e-05
4.869869869869869916e+00 5.930455114218360170e-05
4.874874874874874919e+00 5.871427135713194886e-05
4.879879879879879923e+00 5.812989415201523866e-05
4.884884884884884926e+00 5.755135841681910375e-05
4.889889889889889929e+00 5.697860351378629791e-05
4.894894894894894932e+00 5.641156927741658759e-05
4.899899899899899935e+00 5.585019601446686034e-05
4.904904904904904939e+00 5.529442450395106383e-05
4.909909909909909942e+00 5.474419599714020585e-05
4.914914914914914945e+00 5.419945221756237465e-05
4.919919919919919948e+00 5.366013536100275923e-05
4.924924924924924952e+00 5.312618809550357485e-05
4.929929929929929955e+00 5.259755356136412398e-05
4.934934934934934958e+00 5.207417537114080309e-05
4.939939939939939961e+00 5.155599760964706200e-05
4.944944944944944965e+00 5.104296483395345129e-05
4.949949949949949968e+00 5.053502207338754102e-05
4.954954954954954971e+00 5.003211482953403590e-05
4.959959959959959974e+00 4.953418907623466686e-05
4.964964964964964977e+00 4.904119125958825208e-05
4.969969969969969981e+00 4.855306829795071050e-05
4.974974974974974984e+00 4.806976758193498729e-05
4.979979979979979987e+00 4.759123697441114198e-05
4.984984984984984990e+00 4.711742481050626706e-05
4.989989989989989994e+00 4.664827989760456941e-05
4.994994994994994997e+00 4.618375151534729565e-05
5.000000000000000000e+00 4.572378941563279319e-05
